250
251
0 100 0.960
0 157 0.770
1 58 0.814
1 89 0.843
1 159 0.123
2 105 0.544
2 195 0.973
4 61 0.399
4 66 0.870
4 104 0.396
4 167 0.834
4 233 0.013
5 16 0.959
5 94 0.003
6 16 0.116
6 79 0.813
6 106 0.501
6 229 0.454
7 208 0.134
10 19 0.546
10 205 0.594
10 223 0.604
11 185 0.914
11 203 0.746
14 20 0.363
14 118 0.033
15 68 0.673
15 85 0.855
16 84 0.896
16 135 0.616
16 221 0.397
17 94 0.858
17 165 0.320
17 190 0.295
17 247 0.277
18 32 0.365
19 123 0.948
19 197 0.757
20 133 0.720
21 243 0.462
22 99 0.810
22 102 0.209
23 171 0.838
24 65 0.242
24 223 0.088
24 230 0.135
25 175 0.438
26 36 0.661
26 171 0.240
27 74 0.789
27 169 0.606
29 183 0.115
30 62 0.019
30 214 0.020
31 129 0.446
31 242 0.672
32 61 0.878
32 132 0.718
34 116 0.932
35 72 0.506
35 162 0.518
35 230 0.569
36 67 0.328
37 75 0.970
37 163 0.202
39 66 0.034
39 170 0.404
41 219 0.764
42 183 0.872
42 216 0.601
43 144 0.619
44 179 0.469
44 182 0.979
44 201 0.753
44 225 0.799
45 87 0.984
45 218 0.767
46 78 0.980
47 63 0.750
47 81 0.874
47 115 0.304
47 162 0.362
48 65 0.044
49 107 0.543
50 111 0.723
50 185 0.383
51 61 0.893
52 208 0.487
54 56 0.398
55 70 0.375
55 226 0.976
58 183 0.494
59 102 0.641
61 120 0.158
61 130 0.994
62 65 0.480
62 167 0.465
63 86 0.372
63 114 0.709
64 135 0.411
64 147 0.674
64 149 0.324
66 84 0.161
67 123 0.592
67 158 0.370
68 126 0.748
68 182 0.132
68 233 0.849
68 234 0.149
69 146 0.929
70 114 0.396
72 157 0.406
73 127 0.151
73 157 0.558
73 164 0.536
73 178 0.571
75 176 0.942
75 186 0.075
75 223 0.947
78 124 0.836
79 159 0.906
79 173 0.566
80 100 0.429
81 105 0.881
81 191 0.493
81 213 0.183
82 87 0.772
83 171 0.555
84 142 0.719
85 103 0.084
85 125 0.801
85 131 0.430
86 99 0.073
86 206 0.537
86 223 0.510
87 147 0.850
88 119 0.291
88 187 0.914
88 212 0.753
90 151 0.421
90 190 0.582
90 232 0.111
90 249 0.771
91 219 0.982
92 228 0.280
93 217 0.624
94 155 0.963
96 110 0.999
97 145 0.824
97 188 0.829
98 154 0.644
98 222 0.806
99 159 0.678
99 163 0.833
102 227 0.490
103 215 0.715
105 163 0.131
105 227 0.424
106 147 0.212
107 173 0.581
107 186 0.361
110 166 0.273
110 181 0.471
110 209 0.847
110 230 0.720
111 196 0.624
111 216 0.799
111 248 0.888
112 236 0.276
113 159 0.460
114 181 0.844
115 154 0.548
116 244 0.658
117 210 0.684
118 123 0.597
118 142 0.748
119 217 0.347
123 148 0.284
124 169 0.390
126 226 0.530
127 139 0.106
127 178 0.482
127 193 0.278
128 206 0.668
128 220 0.926
130 135 0.769
131 213 0.437
131 227 0.677
131 233 0.885
133 205 0.663
134 177 0.422
135 164 0.984
136 178 0.137
136 238 0.694
140 155 0.344
140 230 0.080
144 186 0.218
144 248 0.006
145 147 0.394
146 185 0.118
146 223 0.663
147 176 0.603
148 223 0.041
150 168 0.071
150 174 0.764
151 186 0.309
151 220 0.481
154 158 0.287
155 200 0.028
155 209 0.226
156 173 0.392
156 249 0.708
157 240 0.027
160 194 0.572
162 217 0.906
164 186 0.828
164 195 0.400
164 212 0.473
164 232 0.801
165 229 0.508
167 181 0.723
167 221 0.157
169 189 0.301
173 200 0.532
173 210 0.481
174 193 0.310
175 205 0.310
176 212 0.644
181 239 0.435
184 200 0.949
184 232 0.658
185 220 0.428
185 239 0.873
187 218 0.672
187 244 0.380
187 246 0.330
193 236 0.741
194 209 0.848
194 222 0.049
197 247 0.118
204 227 0.003
205 216 0.310
209 230 0.152
209 234 0.788
214 245 0.200
222 249 0.350
227 249 0.767
233 238 0.743
233 243 0.708
244 247 0.527
247 249 0.687
100
197 107
65 99
237 206
129 194
43 215
86 203
180 238
207 115
21 216
116 16
130 116
124 179
143 36
81 239
201 146
194 212
138 57
202 122
45 173
88 248
97 78
28 223
72 57
124 217
83 97
23 171
132 205
212 178
7 160
208 166
87 62
155 184
109 52
55 122
196 174
24 48
188 197
76 178
86 32
92 75
230 154
113 24
182 230
55 93
99 231
216 197
188 178
72 41
4 32
38 170
244 244
231 226
204 234
155 178
169 122
198 47
31 149
184 197
148 23
54 18
148 211
180 65
106 213
223 178
96 96
28 238
144 133
117 33
18 125
179 216
94 125
138 248
169 56
199 124
199 216
196 105
103 199
119 241
39 16
22 247
40 117
210 82
133 30
5 155
148 85
168 10
85 225
75 193
163 23
117 69
90 75
90 56
240 61
247 222
50 242
140 211
13 126
248 145
62 239
113 201
